URL: http://web.archive.org/web/20220701/https://www.sportsoddshistory.com/cfb-main/?y=2020&sa=cfb&a=nc&o=r
TITLE: 2020 College Football National Championship Odds | SportsOddsHistory.com
DATES SEEN: ['Jun 22 2021']

2020 College Football National Championship Odds | SportsOddsHistory.com
11 captures
30 Sep 2020 - 16 Feb 2025
Apr
MAY
Jun
22
2021
2022
2023
success
fail
About this capture
TIMESTAMPS
The Wayback Machine - http://web.archive.org/web/20220522114859/https://www.sportsoddshistory.com/cfb-main/?y=2020&sa=cfb&a=nc&o=r
Tweets by SOHistory
Menu
Home
NFL
Archived Futures Odds
Historical Game Odds
NBA
MLB
NHL
College
Football
College
Basketball
Golf
Archived Futures Odds
Current Event
Tournament Matchups
Round Matchups
Tennis
Soccer
Other
NASCAR
Tour de France
World Series of Poker
Academy Awards
U.S. Presidential Election
Blog
Menu
Home
NFL
NBA
MLB
NHL
College FB
College BK
Golf
Tennis
Soccer
Other
Blog
Home
>
Archived College Football Futures Odds
>
2020 College Football National Championship Odds
2020 College Football National Championship Odds
<<-- 2019 Season
2021 Season -->>
Lines courtesy of
the Westgate Las Vegas Race & Sports SuperBook
Sports Betting Picks
-
Winning picks from professional sports handicappers.
Team
Preseason,
as of...
Regular season,
as of...
Postseason,
prior to...
Result
Jan 13
Mar 2
Jun 8
Aug 31
Wk 2
Wk 3
Wk 4
Wk 5
Wk 6
Wk 7
Wk 8
Wk 9
Wk 10
Wk 11
Wk 12
Wk 13
Wk 14
Wk 15
Conf
Champ
Semi
Finals
Natl
Champ
Alabama
+600
+450
+500
+300
+300
+500
+500
+500
+300
+200
+160
+180
+150
+150
+150
+120
-110
-140
-200
-200
-320
** WINNER **
Ohio State
+300
+350
+275
+300
+300
+300
+300
+350
+350
+200
+150
+150
+150
+180
+350
+400
+500
+1000
+265
Clemson
+225
+225
+275
+200
+200
+300
+250
+250
+300
+250
+225
+200
+250
+450
+500
+600
+250
+300
+350
+225
Notre Dame
+3000
+3000
+3000
+1600
+1600
+2000
+2000
+2000
+2500
+2500
+3000
+2000
+2000
+1600
+1400
+1800
+1400
+1400
+1200
+2500
Texas A&M;
+3000
+3000
+3000
+3000
+3000
+4000
+5000
+6000
+20000
+10000
+8000
+10000
+8000
+3000
+3000
+4000
+4000
+6000
+6000
Oklahoma
+3000
+2000
+1600
+1200
+1200
+1200
+1200
+3000
+10000
+10000
+10000
+10000
+8000
+6000
+6000
+5000
+10000
+10000
+8000
Cincinnati
+50000
+50000
+50000
+10000
+10000
+100000
+50000
+30000
+30000
+30000
+30000
+10000
+5000
+3000
+3000
+3000
+5000
+8000
+10000
USC
+10000
+10000
+6000
+4000
+4000
+4000
+5000
+5000
+6000
+8000
+8000
+8000
+10000
+5000
+8000
+20000
+10000
Northwestern
+100000
+100000
+100000
+100000
+100000
+100000
+100000
+100000
+100000
+200000
+50000
+10000
+10000
+6000
+20000
+30000
+30000
Iowa State
+10000
+10000
+20000
+10000
+10000
+100000
+100000
+50000
+10000
+6000
+8000
+200000
+200000
+200000
+200000
+100000
+100000
+100000
+50000
Coastal Carolina
+100000
+100000
+100000
+100000
+100000
+100000
+100000
+100000
+100000
+100000
+500000
+500000
+50000
+50000
+50000
+30000
+100000
+50000
+100000
Florida
+1400
+1400
+1200
+1200
+1200
+1400
+1600
+1000
+1200
+3000
+3000
+4000
+4000
+1600
+1400
+1800
+1800
+3000
Georgia
+800
+700
+800
+400
+400
+800
+1000
+1000
+1000
+1000
+1600
+2000
+3000
+30000
+30000
+30000
+30000
+50000
Colorado
+100000
+100000
+500000
+100000
+100000
+100000
+100000
+100000
+100000
+100000
+100000
+100000
+1000000
+100000
+50000
+50000
Miami (FL)
+30000
+10000
+10000
+10000
+10000
+20000
+6000
+3000
+3000
+20000
+20000
+20000
+20000
+20000
+20000
+20000
+20000
+100000
Indiana
+30000
+20000
+50000
+200000
+200000
+200000
+200000
+200000
+200000
+200000
+50000
+10000
+10000
+50000
+50000
+100000
Buffalo
+100000
+100000
+100000
+100000
+100000
+100000
+100000
+100000
+100000
+100000
+100000
+100000
+1000000
+100000
+100000
+100000
Iowa
+20000
+20000
+30000
+100000
+100000
+100000
+50000
+50000
+50000
+200000
+100000
+100000
+1000000
+100000
+100000
+100000
UCLA
+50000
+50000
+200000
+200000
+200000
+200000
+200000
+200000
+200000
+200000
+200000
+100000
+1000000
+100000
+100000
+200000
BYU
+100000
+100000
+100000
+100000
+100000
+200000
+200000
+30000
+10000
+10000
+8000
+8000
+8000
+3000
+3000
+4000
+10000
Oregon
+3000
+3000
+3000
+2500
+3000
+3000
+4000
+4000
+4000
+5000
+6000
+4000
+4000
+4000
+20000
Wisconsin
+6000
+8000
+5000
+3000
+4000
+4000
+6000
+6000
+6000
+4000
+4000
+4000
+3000
+10000
+30000
Washington
+10000
+10000
+20000
+30000
+30000
+30000
+30000
+30000
+50000
+50000
+50000
+50000
+50000
+30000
+30000
Marshall
+100000
+100000
+100000
+100000
+100000
+100000
+100000
+100000
+100000
+100000
+100000
+100000
+50000
+30000
+30000
+30000
+50000
Boise State
+50000
+50000
+50000
+50000
+50000
+20000
+30000
+30000
+30000
+30000
+30000
+30000
+30000
+50000
+100000
Purdue
+50000
+50000
+50000
+200000
+200000
+200000
+100000
+100000
+100000
+100000
+50000
+30000
+50000
+100000
+100000
Arizona
+10000
+20000
+30000
+50000
+50000
+50000
+30000
+30000
+50000
+50000
+50000
+100000
+1000000
+100000
+100000
Western Michigan
+100000
+100000
+100000
+100000
+100000
+100000
+100000
+100000
+100000
+100000
+100000
+100000
+1000000
+100000
+100000
Utah
+10000
+10000
+20000
+20000
+20000
+20000
+30000
+50000
+100000
+100000
+100000
+100000
+100000
+500000
+100000
North Carolina
+50000
+20000
+20000
+10000
+10000
+10000
+10000
+10000
+10000
+8000
+30000
+30000
+200000
+200000
+200000
+200000
+200000
Texas
+4000
+4000
+3000
+1600
+1600
+1600
+1600
+2000
+8000
+30000
+30000
+30000
+30000
+30000
+30000
+50000
Auburn
+3000
+3000
+4000
+4000
+4000
+4000
+5000
+4000
+20000
+20000
+100000
+100000
+50000
+50000
+50000
+50000
Nevada
+100000
+100000
+100000
+200000
+200000
+200000
+200000
+200000
+200000
+200000
+100000
+100000
+100000
+100000
San Jose State
+100000
+100000
+100000
+200000
+200000
+200000
+200000
+200000
+200000
+200000
+100000
+100000
+100000
+100000
California
+50000
+50000
+50000
+50000
+50000
+50000
+100000
+200000
+200000
+200000
+200000
+200000
+200000
+100000
Tulsa
+100000
+100000
+100000
+100000
+100000
+100000
+200000
+200000
+200000
+100000
+100000
+100000
+100000
+100000
+1000000
+100000
SMU
+100000
+100000
+200000
+500000
+500000
+100000
+100000
+100000
+100000
+100000
+100000
+200000
+100000
+100000
+1000000
+100000
Maryland
+50000
+50000
+200000
+100000
+100000
+100000
+100000
+100000
+100000
+200000
+100000
+100000
+1000000
+100000
Liberty
+100000
+100000
+100000
+100000
+100000
+100000
+100000
+100000
+100000
+100000
+100000
+100000
+100000
+100000
+1000000
+200000
Central Michigan
+100000
+100000
+100000
+100000
+100000
+100000
+100000
+100000
+100000
+100000
+100000
+100000
+1000000
+200000
Miami (OH)
+100000
+100000
+100000
+100000
+100000
+100000
+100000
+100000
+100000
+100000
+100000
+100000
+1000000
+200000
Ohio
+100000
+100000
+100000
+100000
+100000
+100000
+100000
+100000
+100000
+100000
+100000
+200000
+2000000
+200000
Colorado State
+100000
+100000
+100000
+100000
+100000
+100000
+100000
+100000
+100000
+100000
+200000
+200000
+2000000
+200000
Florida Atlantic
+100000
+100000
+100000
+100000
+100000
+100000
+100000
+100000
+100000
+100000
+100000
+200000
+200000
+200000
+2000000
+200000
Fresno State
+100000
+100000
+200000
+100000
+100000
+100000
+100000
+100000
+100000
+200000
+200000
+200000
+2000000
+200000
Louisiana Lafayette
+500000
+500000
+500000
+500000
+500000
+100000
+100000
+100000
+100000
+100000
+200000
+200000
+200000
+200000
+2000000
+200000
Kent State
+100000
+100000
+100000
+100000
+100000
+100000
+100000
+100000
+200000
+200000
+200000
+200000
+2000000
+200000
Toledo
+100000
+100000
+100000
+100000
+100000
+100000
+100000
+100000
+200000
+200000
+200000
+200000
+2000000
+200000
Army
+100000
+100000
+100000
+100000
+100000
+100000
+100000
+200000
+200000
+200000
+200000
+200000
+200000
+200000
+2000000
+200000
Oklahoma State
+10000
+20000
+10000
+5000
+5000
+6000
+10000
+6000
+4000
+5000
+6000
+4000
+20000
+10000
+10000
Arizona State
+100000
+100000
+200000
+100000
+100000
+100000
+100000
+100000
+100000
+100000
+100000
+100000
+1000000
Appalachian State
+100000
+100000
+200000
+200000
+200000
+100000
+200000
+200000
+200000
+200000
+200000
+200000
+200000
+100000
+1000000
San Diego State
+500000
+500000
+500000
+100000
+100000
+100000
+100000
+100000
+100000
+100000
+50000
+200000
+2000000
Hawaii
+100000
+100000
+100000
+100000
+100000
+100000
+100000
+100000
+100000
+100000
+200000
+200000
+2000000
Rice
+100000
+100000
+100000
+100000
+100000
+200000
+200000
+200000
+200000
+200000
+200000
+500000
+200000
+200000
+2000000
Michigan
+4000
+4000
+5000
+4000
+4000
+4000
+5000
+6000
+8000
+6000
+30000
+100000
Minnesota
+10000
+10000
+10000
+8000
+6000
+6000
+8000
+8000
+10000
+50000
+100000
+100000
Stanford
+50000
+50000
+50000
+100000
+100000
+100000
+100000
+100000
+100000
+100000
+100000
+100000
TCU
+30000
+20000
+30000
+10000
+10000
+50000
+30000
+200000
+20000
+200000
+200000
+100000
+100000
+100000
Oregon State
+50000
+50000
+200000
+100000
+100000
+100000
+100000
+100000
+100000
+100000
+100000
+200000
Washington State
+50000
+50000
+100000
+200000
+200000
+500000
+500000
+500000
+500000
+500000
+500000
+200000
Penn State
+3000
+4000
+3000
+2500
+3000
+3000
+3000
+3000
+2500
+4000
+100000
Kansas State
+50000
+50000
+200000
+200000
+200000
+100000
+100000
+30000
+30000
+30000
+20000
+20000
+100000
Nebraska
+30000
+10000
+10000
+30000
+30000
+50000
+50000
+50000
+100000
+100000
+100000
West Virginia
+50000
+50000
+100000
+100000
+100000
+200000
+200000
+100000
+100000
+100000
+100000
+100000
+100000
Virginia Tech
+30000
+20000
+30000
+30000
+30000
+100000
+100000
+100000
+50000
+200000
+200000
+100000
+100000
Houston
+100000
+200000
+200000
+200000
+200000
+200000
+200000
+100000
+100000
+30000
+100000
+100000
+200000
Rutgers
+100000
+100000
+100000
+200000
+200000
+200000
+200000
+200000
+200000
+100000
+200000
Michigan State
+50000
+50000
+200000
+500000
+500000
+500000
+500000
+500000
+500000
+100000
+200000
Wyoming
+500000
+500000
+500000
+100000
+100000
+100000
+100000
+100000
+100000
+200000
+200000
Ball State
+100000
+100000
+100000
+200000
+200000
+200000
+200000
+200000
+200000
+200000
+200000
Eastern Michigan
+100000
+100000
+100000
+200000
+200000
+200000
+200000
+200000
+200000
+200000
+200000
Northern Illinois
+100000
+100000
+100000
+200000
+200000
+200000
+200000
+200000
+200000
+200000
+200000
Akron
+500000
+500000
+500000
+200000
+200000
+200000
+200000
+200000
+200000
+200000
+200000
Bowling Green
+500000
+500000
+500000
+200000
+200000
+200000
+200000
+200000
+200000
+200000
+200000
NC State
+100000
+100000
+200000
+200000
+200000
+100000
+100000
+200000
+200000
+500000
+500000
+200000
+200000
LSU
+800
+3000
+4000
+4000
+4000
+4000
+4000
+20000
+10000
+50000
+100000
+100000
Memphis
+100000
+100000
+100000
+50000
+50000
+100000
+50000
+30000
+100000
+100000
+100000
+100000
Baylor
+50000
+10000
+20000
+30000
+30000
+100000
+100000
+50000
+200000
+200000
+200000
+100000
Utah State
+100000
+100000
+100000
+200000
+200000
+200000
+200000
+200000
+200000
+100000
Air Force
+200000
+200000
+200000
+100000
+100000
+100000
+100000
+100000
+100000
+200000
Illinois
+100000
+100000
+500000
+100000
+100000
+100000
+100000
+100000
+100000
+200000
Temple
+500000
+500000
+500000
+500000
+500000
+100000
+100000
+100000
+100000
+200000
+200000
+200000
New Mexico
+100000
+100000
+100000
+200000
+200000
+200000
+200000
+200000
+200000
+200000
UNLV
+100000
+100000
+100000
+200000
+200000
+200000
+200000
+200000
+200000
+500000
Tennessee
+10000
+20000
+30000
+10000
+10000
+50000
+50000
+50000
+10000
+100000
+100000
Georgia Southern
+100000
+100000
+100000
+100000
+100000
+100000
+100000
+200000
+200000
+200000
+200000
Troy
+100000
+100000
+100000
+100000
+100000
+100000
+100000
+200000
+200000
+200000
+200000
UAB
+100000
+100000
+100000
+100000
+100000
+100000
+200000
+200000
+200000
+200000
+200000
Florida International
+100000
+100000
+100000
+100000
+100000
+200000
+200000
+200000
+200000
+200000
+200000
Mississippi State
+50000
+50000
+100000
+200000
+200000
+200000
+200000
+6000
+50000
+100000
Central Florida
+30000
+10000
+10000
+8000
+8000
+50000
+30000
+10000
+100000
+100000
Tulane
+100000
+100000
+500000
+500000
+500000
+100000
+100000
+100000
+100000
+100000
Louisiana Tech
+100000
+100000
+100000
+100000
+100000
+100000
+100000
+100000
+100000
+200000
Boston College
+100000
+100000
+500000
+100000
+100000
+100000
+100000
+100000
+100000
+200000
Pittsburgh
+50000
+50000
+100000
+100000
+100000
+200000
+200000
+50000
+200000
+200000
Georgia State
+100000
+100000
+100000
+100000
+100000
+200000
+200000
+200000
+200000
+200000
Massachusetts
+500000
+500000
+500000
+500000
+500000
+500000
Texas Tech
+50000
+50000
+200000
+200000
+200000
+500000
+500000
+100000
+100000
Virginia
+50000
+50000
+100000
+100000
+100000
+500000
+500000
+200000
+100000
Arkansas
+100000
+100000
+200000
+100000
+100000
+100000
+100000
+200000
+200000
Ole Miss
+50000
+50000
+50000
+100000
+100000
+200000
+200000
+500000
+200000
UTEP
+500000
+500000
+500000
+500000
+500000
+500000
+500000
+500000
+500000
South Carolina
+50000
+50000
+100000
+100000
+100000
+100000
+100000
+100000
Missouri
+50000
+50000
+200000
+200000
+200000
+500000
+500000
+100000
Kentucky
+50000
+50000
+100000
+100000
+100000
+100000
+100000
+200000
Arkansas State
+100000
+100000
+100000
+100000
+100000
+100000
+100000
+200000
East Carolina
+100000
+100000
+100000
+100000
+100000
+100000
+100000
+200000
Vanderbilt
+100000
+100000
+100000
+100000
+100000
+100000
+100000
+200000
Sourth Florida
+100000
+100000
+100000
+100000
+100000
+100000
+200000
+200000
Navy
+200000
+200000
+200000
+500000
+500000
+100000
+200000
+200000
Charlotte
+100000
+100000
+100000
+100000
+100000
+200000
+200000
+200000
North Texas
+100000
+100000
+100000
+100000
+100000
+200000
+200000
+200000
Texas San Antonio
+100000
+100000
+100000
+200000
+200000
+200000
+200000
+200000
Georgia Tech
+100000
+100000
+200000
+100000
+100000
+200000
+100000
Louisville
+50000
+50000
+50000
+30000
+30000
+50000
+200000
Florida State
+30000
+10000
+30000
+30000
+30000
+200000
+200000
Kansas
+100000
+100000
+100000
+100000
+100000
+200000
+200000
Middle Tennessee State
+100000
+100000
+100000
+100000
+100000
+200000
+200000
South Alabama
+100000
+100000
+100000
+200000
+200000
+200000
+200000
Texas State
+100000
+100000
+100000
+200000
+200000
+200000
+200000
Wake Forest
+50000
+50000
+200000
+200000
+200000
+100000
Duke
+100000
+100000
+100000
+500000
+500000
+100000
Syracuse
+100000
+100000
+500000
+500000
+500000
+100000
Louisiana Monroe
+100000
+100000
+100000
+100000
+100000
+200000
Southern Miss
+100000
+100000
+100000
+100000
+100000
+200000
Western Kentucky
+100000
+100000
+100000
+100000
+100000
+200000
Connecticut
+100000
+100000
+100000
New Mexico State
+500000
+500000
+500000
Old Dominion
+500000
+500000
+500000
Historical odds/data on this site are believed to be accurate.
Please let us know
if you find any issues.
Please Gamble Responsibly. 21+ Only
Home
NFL
NBA
MLB
NHL
College FB
College BK
Golf
Tennis
Soccer
Other
Blog
As seen on
About Us
Terms of Use
Partners
Sitemap
Contact Us
