URL: http://web.archive.org/web/20221115/https://www.sportsoddshistory.com/cfb-main/?y=2022&sa=cfb&a=nc&o=r
TITLE: 2022 College Football National Championship Odds | SportsOddsHistory.com
DATES SEEN: ['Jan 08 2021']

2022 College Football National Championship Odds | SportsOddsHistory.com
8 captures
22 Jan 2022 - 15 Nov 2025
Nov
DEC
Jan
08
2021
2022
2023
success
fail
About this capture
TIMESTAMPS
The Wayback Machine - http://web.archive.org/web/20221208101845/https://www.sportsoddshistory.com/cfb-main/?y=2022&sa=cfb&a=nc&o=r
Tweets by SOHistory
Menu
Home
NFL
Archived Futures Odds
Historical Game Odds
NBA
MLB
NHL
College
Football
College
Basketball
Golf
Archived Futures Odds
Current Event
Tournament Matchups
Round Matchups
Tennis
Soccer
Other
NASCAR
Tour de France
World Series of Poker
Academy Awards
U.S. Presidential Election
Blog
Menu
Home
NFL
NBA
MLB
NHL
College FB
College BK
Golf
Tennis
Soccer
Other
Blog
Home
>
Archived College Football Futures Odds
>
2022 College Football National Championship Odds
2022 College Football National Championship Odds
<<-- 2021 Season
Lines courtesy of
BetMGM
Sports Betting Picks
-
Winning picks from professional sports handicappers.
Team
Preseason,
as of...
Regular season,
as of...
Postseason,
prior to...
Result
Jan 11
Apr 8
Jun 1
Jul 23
Aug 27
Wk 2
Wk 3
Wk 4
Wk 5
Wk 6
Wk 7
Wk 8
Wk 9
Wk 10
Wk 11
Wk 12
Wk 13
Conf
Champ
Semi
Finals
Natl
Champ
Georgia
+200
+300
+275
+350
+350
+350
+200
+175
+175
+200
+200
+200
+200
+200
-105
-105
-145
-165
-145
Michigan
+3500
+3500
+5000
+5000
+5000
+4000
+2500
+2500
+2500
+2000
+2000
+1600
+1600
+1600
+800
+800
+1000
+275
+300
Ohio State
+600
+600
+450
+350
+320
+320
+300
+300
+250
+200
+175
+175
+175
+200
+225
+250
+250
+1100
+350
TCU
+15000
+15000
+15000
+20000
+20000
+20000
+20000
+20000
+20000
+10000
+8000
+5000
+6600
+6600
+5000
+2500
+1400
+1000
+1600
USC
+3500
+3500
+2000
+2000
+2000
+2000
+1200
+1200
+1400
+1600
+2000
+6600
+6600
+6600
+5000
+5000
+2500
+1100
Alabama
+200
+200
+200
+190
+190
+150
+175
+200
+200
+250
+250
+450
+350
+300
+4000
+4000
+2500
Clemson
+800
+1200
+1200
+1200
+1200
+1200
+1000
+1000
+1400
+1100
+1100
+1100
+1600
+1600
+8000
+5000
+2000
LSU
+8000
+4000
+6600
+6600
+6600
+6600
+15000
+20000
+20000
+25000
+50000
+50000
+30000
+25000
+5000
+5000
+4000
Oregon
+5000
+5000
+6600
+6600
+6600
+6600
+10000
+10000
+10000
+6600
+6600
+5000
+4000
+4000
+2500
+25000
+8000
Tennessee
+10000
+10000
+10000
+10000
+10000
+10000
+8000
+5000
+6600
+5000
+4000
+1800
+1600
+800
+1400
+1400
North Carolina
+10000
+10000
+10000
+20000
+20000
+20000
+20000
+20000
+20000
+30000
+20000
+15000
+15000
+10000
+6600
+6600
Mississippi
+10000
+10000
+10000
+10000
+10000
+10000
+10000
+10000
+10000
+5000
+8000
+8000
+20000
+10000
+8000
+8000
UCLA
+10000
+10000
+10000
+10000
+10000
+10000
+10000
+15000
+20000
+6600
+6600
+5000
+25000
+25000
+10000
+10000
Utah
+6600
+5000
+5000
+5000
+5000
+5000
+5000
+10000
+5000
+4000
+50000
+50000
+25000
+30000
+10000
+10000
Illinois
+100000
+100000
+100000
+100000
+100000
+100000
+100000
+100000
+100000
+100000
+30000
+50000
+50000
+25000
+50000
+50000
Oklahoma State
+10000
+10000
+10000
+8000
+8000
+8000
+8000
+10000
+10000
+5000
+6600
+10000
+8000
+50000
+50000
+50000
Penn State
+8000
+8000
+8000
+8000
+8000
+8000
+8000
+5000
+6600
+10000
+10000
+20000
+20000
+50000
+50000
+50000
Wake Forest
+8000
+8000
+8000
+8000
+8000
+8000
+8000
+20000
+20000
+30000
+30000
+30000
+20000
+50000
+50000
+50000
Texas
+5000
+5000
+4000
+4000
+4000
+4000
+12500
+30000
+50000
+50000
+20000
+15000
+50000
+50000
+50000
+50000
Syracuse
+15000
+15000
+15000
+50000
+50000
+50000
+50000
+50000
+50000
+50000
+25000
+15000
+50000
+50000
+50000
+50000
Purdue
+8000
+8000
+8000
+25000
+25000
+25000
+25000
+30000
+30000
+30000
+30000
+30000
+50000
+50000
+50000
+50000
Mississippi State
+15000
+15000
+15000
+15000
+15000
+15000
+15000
+30000
+30000
+30000
+30000
+50000
+50000
+50000
+50000
+50000
Washington
+10000
+10000
+10000
+10000
+10000
+10000
+10000
+10000
+10000
+20000
+50000
+50000
+50000
+50000
+50000
+50000
Kansas
+30000
+30000
+30000
+100000
+100000
+100000
+100000
+100000
+30000
+20000
+50000
+50000
+50000
+50000
+50000
+50000
Kansas State
+10000
+10000
+10000
+25000
+25000
+25000
+15000
+30000
+25000
+25000
+50000
+50000
+50000
+50000
+50000
+50000
Kentucky
+15000
+15000
+15000
+15000
+15000
+15000
+10000
+10000
+10000
+50000
+50000
+50000
+50000
+50000
+50000
+50000
Oklahoma
+3500
+3500
+3500
+3500
+5000
+5000
+5000
+4000
+15000
+50000
+50000
+50000
+50000
+50000
+50000
+50000
Texas A&M;
+3500
+3500
+2000
+2000
+2500
+2500
+10000
+10000
+15000
+50000
+50000
+50000
+50000
+50000
+50000
+50000
Miami (FL)
+8000
+6600
+6600
+6600
+6600
+6600
+8000
+20000
+20000
+50000
+50000
+50000
+50000
+50000
+50000
+50000
Arkansas
+20000
+20000
+8000
+8000
+8000
+8000
+8000
+20000
+25000
+50000
+50000
+50000
+50000
+50000
+50000
+50000
Maryland
+10000
+10000
+10000
+25000
+25000
+25000
+25000
+25000
+25000
+50000
+50000
+50000
+50000
+50000
+50000
+50000
Oregon State
+20000
+20000
+20000
+25000
+25000
+25000
+25000
+25000
+25000
+50000
+50000
+50000
+50000
+50000
+50000
+50000
Wisconsin
+8000
+5000
+8000
+8000
+8000
+8000
+15000
+15000
+30000
+50000
+50000
+50000
+50000
+50000
+50000
+50000
Baylor
+10000
+8000
+8000
+8000
+8000
+8000
+15000
+30000
+30000
+50000
+50000
+50000
+50000
+50000
+50000
+50000
Cincinnati
+8000
+8000
+8000
+15000
+15000
+15000
+15000
+30000
+30000
+50000
+50000
+50000
+50000
+50000
+50000
+50000
Iowa
+10000
+10000
+10000
+15000
+15000
+15000
+15000
+30000
+30000
+50000
+50000
+50000
+50000
+50000
+50000
+50000
South Carolina
+10000
+10000
+10000
+15000
+15000
+15000
+15000
+30000
+30000
+50000
+50000
+50000
+50000
+50000
+50000
+50000
BYU
+20000
+20000
+20000
+20000
+20000
+20000
+15000
+30000
+30000
+50000
+50000
+50000
+50000
+50000
+50000
+50000
Texas Tech
+50000
+100000
+25000
+25000
+25000
+25000
+25000
+30000
+30000
+50000
+50000
+50000
+50000
+50000
+50000
+50000
Florida
+5000
+5000
+6600
+6600
+10000
+10000
+10000
+15000
+50000
+50000
+50000
+50000
+50000
+50000
+50000
+50000
Western Kentucky
+20000
+20000
+20000
+20000
+20000
+20000
+20000
+50000
+50000
+50000
+50000
+50000
+50000
+50000
+50000
+50000
West Virginia
+25000
+25000
+20000
+20000
+20000
+20000
+20000
+50000
+50000
+50000
+50000
+50000
+50000
+50000
+50000
+50000
Notre Dame
+6600
+5000
+4000
+4000
+4000
+10000
+25000
+50000
+50000
+50000
+50000
+50000
+50000
+50000
+50000
+50000
Army
+25000
+25000
+25000
+25000
+25000
+25000
+25000
+50000
+50000
+50000
+50000
+50000
+50000
+50000
+50000
+50000
Central Florida
+25000
+25000
+25000
+25000
+25000
+25000
+25000
+50000
+50000
+50000
+50000
+50000
+50000
+50000
+50000
+50000
UAB
+25000
+25000
+25000
+25000
+25000
+25000
+25000
+50000
+50000
+50000
+50000
+50000
+50000
+50000
+50000
+50000
Coastal Carolina
+25000
+25000
+25000
+50000
+50000
+50000
+50000
+50000
+50000
+50000
+50000
+50000
+50000
+50000
+50000
+50000
Boston College
+25000
+25000
+50000
+50000
+50000
+50000
+50000
+50000
+50000
+50000
+50000
+50000
+50000
+50000
+50000
+50000
NC State
+15000
+15000
+15000
+15000
+15000
+15000
+15000
+15000
+15000
+20000
+30000
+50000
Minnesota
+20000
+20000
+20000
+25000
+25000
+25000
+25000
+15000
+10000
+30000
+30000
+50000
Washington State
+20000
+20000
+20000
+20000
+20000
+20000
+20000
+20000
+20000
+30000
+50000
+50000
Florida State
+20000
+20000
+20000
+15000
+15000
+15000
+15000
+15000
+15000
+50000
+50000
+50000
Michigan State
+10000
+6600
+6600
+12500
+12500
+12500
+12500
+20000
+20000
+50000
+50000
+50000
Iowa State
+12500
+12500
+12500
+20000
+20000
+20000
+20000
+20000
+20000
+50000
+50000
+50000
Pittsburgh
+8000
+8000
+8000
+15000
+15000
+15000
+15000
+30000
+30000
+50000
+50000
+50000
Utah State
+20000
+20000
+20000
+20000
+20000
+20000
+20000
+30000
+30000
+50000
+50000
+50000
Virginia Tech
+30000
+30000
+30000
+30000
+30000
+30000
+30000
+30000
+30000
+50000
+50000
+50000
Arizona
+40000
+40000
+40000
+40000
+40000
+40000
+40000
+40000
+40000
+50000
+50000
+50000
Auburn
+10000
+10000
+15000
+15000
+15000
+15000
+15000
+50000
+50000
+50000
+50000
+50000
Louisiana
+20000
+20000
+20000
+20000
+20000
+20000
+20000
+50000
+50000
+50000
+50000
+50000
Arizona State
+10000
+10000
+10000
+10000
+10000
+10000
+25000
+50000
+50000
+50000
+50000
+50000
Indiana
+20000
+20000
+20000
+25000
+25000
+25000
+25000
+50000
+50000
+50000
+50000
+50000
Houston
+25000
+25000
+25000
+25000
+25000
+25000
+25000
+50000
+50000
+50000
+50000
+50000
Louisville
+25000
+25000
+25000
+25000
+25000
+25000
+25000
+50000
+50000
+50000
+50000
+50000
Texas San Antonio
+25000
+25000
+25000
+25000
+25000
+25000
+25000
+50000
+50000
+50000
+50000
+50000
Toledo
+25000
+25000
+25000
+25000
+25000
+25000
+25000
+50000
+50000
+50000
+50000
+50000
Virginia
+25000
+25000
+25000
+25000
+25000
+25000
+25000
+50000
+50000
+50000
+50000
+50000
Nebraska
+8000
+10000
+10000
+12500
+12500
+12500
+50000
+50000
+50000
+50000
+50000
+50000
Fresno State
+20000
+20000
+20000
+50000
+50000
+50000
+50000
+50000
+50000
+50000
+50000
+50000
Northwestern
+20000
+20000
+20000
+50000
+50000
+50000
+50000
+50000
+50000
+50000
+50000
+50000
Stanford
+20000
+20000
+20000
+50000
+50000
+50000
+50000
+50000
+50000
+50000
+50000
+50000
Georgia Tech
+30000
+30000
+30000
+50000
+50000
+50000
+50000
+50000
+50000
+50000
+50000
+50000
California
+20000
+20000
+50000
+50000
+50000
+50000
+50000
+50000
+50000
+50000
+50000
+50000
Boise State
+25000
+25000
+50000
+50000
+50000
+50000
+50000
+50000
+50000
+50000
+50000
+50000
Colorado
+50000
+50000
+50000
+50000
+50000
+50000
+50000
+50000
+50000
+50000
+50000
+50000
Missouri
+75000
+75000
+75000
+50000
+50000
+50000
+50000
+50000
+50000
+50000
+50000
+50000
Rutgers
+100000
+100000
+50000
+50000
+50000
+50000
+50000
+50000
+50000
+50000
+50000
Temple
+75000
+75000
+75000
+75000
+75000
+75000
+75000
+75000
+75000
+75000
+75000
Memphis
+25000
+25000
+25000
+100000
+100000
+100000
+100000
+100000
+100000
+100000
+100000
Nevada
+25000
+25000
+25000
+100000
+100000
+100000
+100000
+100000
+100000
+100000
+100000
Northern Illinois
+25000
+25000
+25000
+100000
+100000
+100000
+100000
+100000
+100000
+100000
+100000
SMU
+25000
+25000
+25000
+100000
+100000
+100000
+100000
+100000
+100000
+100000
+100000
Duke
+75000
+75000
+75000
+100000
+100000
+100000
+100000
+100000
+100000
+100000
+100000
Air Force
+25000
+25000
+100000
+100000
+100000
+100000
+100000
+100000
+100000
+100000
+100000
Appalachian State
+25000
+25000
+100000
+100000
+100000
+100000
+100000
+100000
+100000
+100000
+100000
San Diego State
+25000
+25000
+100000
+100000
+100000
+100000
+100000
+100000
+100000
+100000
+100000
Akron
+100000
+100000
+100000
+100000
+100000
+100000
+100000
+100000
+100000
+100000
+100000
Arkansas State
+100000
+100000
+100000
+100000
+100000
+100000
+100000
+100000
+100000
+100000
+100000
Ball State
+100000
+100000
+100000
+100000
+100000
+100000
+100000
+100000
+100000
+100000
+100000
Bowling Green
+100000
+100000
+100000
+100000
+100000
+100000
+100000
+100000
+100000
+100000
+100000
Buffalo
+100000
+100000
+100000
+100000
+100000
+100000
+100000
+100000
+100000
+100000
+100000
Central Michigan
+100000
+100000
+100000
+100000
+100000
+100000
+100000
+100000
+100000
+100000
+100000
Charlotte
+100000
+100000
+100000
+100000
+100000
+100000
+100000
+100000
+100000
+100000
+100000
Colorado State
+100000
+100000
+100000
+100000
+100000
+100000
+100000
+100000
+100000
+100000
+100000
Connecticut
+100000
+100000
+100000
+100000
+100000
+100000
+100000
+100000
+100000
+100000
+100000
East Carolina
+100000
+100000
+100000
+100000
+100000
+100000
+100000
+100000
+100000
+100000
+100000
Eastern Michigan
+100000
+100000
+100000
+100000
+100000
+100000
+100000
+100000
+100000
+100000
+100000
Florida Atlantic
+100000
+100000
+100000
+100000
+100000
+100000
+100000
+100000
+100000
+100000
+100000
Florida International
+100000
+100000
+100000
+100000
+100000
+100000
+100000
+100000
+100000
+100000
+100000
Georgia Southern
+100000
+100000
+100000
+100000
+100000
+100000
+100000
+100000
+100000
+100000
+100000
Georgia State
+100000
+100000
+100000
+100000
+100000
+100000
+100000
+100000
+100000
+100000
+100000
Hawaii
+100000
+100000
+100000
+100000
+100000
+100000
+100000
+100000
+100000
+100000
+100000
Kent State
+100000
+100000
+100000
+100000
+100000
+100000
+100000
+100000
+100000
+100000
+100000
Liberty
+100000
+100000
+100000
+100000
+100000
+100000
+100000
+100000
+100000
+100000
+100000
Louisiana Monroe
+100000
+100000
+100000
+100000
+100000
+100000
+100000
+100000
+100000
+100000
+100000
Louisiana Tech
+100000
+100000
+100000
+100000
+100000
+100000
+100000
+100000
+100000
+100000
+100000
Marshall
+100000
+100000
+100000
+100000
+100000
+100000
+100000
+100000
+100000
+100000
+100000
Massachusetts
+100000
+100000
+100000
+100000
+100000
+100000
+100000
+100000
+100000
+100000
+100000
Miami (OH)
+100000
+100000
+100000
+100000
+100000
+100000
+100000
+100000
+100000
+100000
+100000
Middle Tenn State
+100000
+100000
+100000
+100000
+100000
+100000
+100000
+100000
+100000
+100000
+100000
Navy
+100000
+100000
+100000
+100000
+100000
+100000
+100000
+100000
+100000
+100000
+100000
New Mexico
+100000
+100000
+100000
+100000
+100000
+100000
+100000
+100000
+100000
+100000
+100000
New Mexico State
+100000
+100000
+100000
+100000
+100000
+100000
+100000
+100000
+100000
+100000
+100000
North Texas
+100000
+100000
+100000
+100000
+100000
+100000
+100000
+100000
+100000
+100000
+100000
Ohio
+100000
+100000
+100000
+100000
+100000
+100000
+100000
+100000
+100000
+100000
+100000
Old Dominion
+100000
+100000
+100000
+100000
+100000
+100000
+100000
+100000
+100000
+100000
+100000
Rice
+100000
+100000
+100000
+100000
+100000
+100000
+100000
+100000
+100000
+100000
+100000
San Jose State
+100000
+100000
+100000
+100000
+100000
+100000
+100000
+100000
+100000
+100000
+100000
South Alabama
+100000
+100000
+100000
+100000
+100000
+100000
+100000
+100000
+100000
+100000
+100000
South Florida
+100000
+100000
+100000
+100000
+100000
+100000
+100000
+100000
+100000
+100000
+100000
Southern Mississippi
+100000
+100000
+100000
+100000
+100000
+100000
+100000
+100000
+100000
+100000
+100000
Texas State
+100000
+100000
+100000
+100000
+100000
+100000
+100000
+100000
+100000
+100000
+100000
Troy
+100000
+100000
+100000
+100000
+100000
+100000
+100000
+100000
+100000
+100000
+100000
Tulane
+100000
+100000
+100000
+100000
+100000
+100000
+100000
+100000
+100000
+100000
+100000
Tulsa
+100000
+100000
+100000
+100000
+100000
+100000
+100000
+100000
+100000
+100000
+100000
UNLV
+100000
+100000
+100000
+100000
+100000
+100000
+100000
+100000
+100000
+100000
+100000
UTEP
+100000
+100000
+100000
+100000
+100000
+100000
+100000
+100000
+100000
+100000
+100000
Vanderbilt
+100000
+100000
+100000
+100000
+100000
+100000
+100000
+100000
+100000
+100000
+100000
Western Michigan
+100000
+100000
+100000
+100000
+100000
+100000
+100000
+100000
+100000
+100000
+100000
Wyoming
+100000
+100000
+100000
+100000
+100000
+100000
+100000
+100000
+100000
+100000
+100000
Historical odds/data on this site are believed to be accurate.
Please let us know
if you find any issues.
Please Gamble Responsibly. 21+ Only
Home
NFL
NBA
MLB
NHL
College FB
College BK
Golf
Tennis
Soccer
Other
Blog
As seen on
About Us
Terms of Use
Partners
Sitemap
Contact Us
